4 2 3 3 6 7 1 4 6 9 2 6 0 7 4 0
7 4 4 7 2 2 4 8 7 4 4 3 5 3 5 6
8 4 3 0 5 6 8 1 8 4 3 3 5 4 9 1
0 2 6 0 9 4 8 1 4 8 9 9 7 9 1 8
8 2 6 0 7 0 9 3 1 0 1 6 2 8 4 9
6 1 7 9 2 2 8 6 6 8 1 2 9 2 0 4
6 4 3 7 7 0 0 5 9 2 7 9 7 7 1 2
4 4 6 3 4 6 6 2 5 4 1 6 7 8 0 7
9 1 0 5 7 8 9 0 5 6 1 5 1 4 4 8
9 2 9 0 8 6 3 8 4 5 9 6 5 9 8 1
0 8 6 1 0 7 6 2 6 3 0 6 2 7 6 4
7 8 9 2 2 4 4 4 8 9 3 8 9 9 0 0
1 7 6 3 0 5 0 4 7 9 0 0 5 1 5 5
1 6 0 3 2 7 3 7 0 9 9 9 9 9 2 4
7 6 5 2 9 2 2 7 3 3 0 9 4 9 2 7
2 1 2 0 6 4 6 4 7 7 8 8 7 9 4 4
